5 2
3 7
8 10
5 2
9 11
21 18

8 6
5 2 20 1 30 10
23 15 7 9 11 3
40 50 34 24 14 4
9 10 11 12 13 14
31 4 18 8 27 17
44 32 13 19 41 19
1 2 3 4 5 6
80 37 47 18 21 9

10 10 
1 2 3 4 5 6 7 8 9 10 
4 5 2 3 3 5 6 7 9 10 
20 30 2 1 3 4 5 6 9 10 
1 2 3 4 5 6 7 8 9 10 
5 2 3 4 5 6 9 10 22 30 
2 3 4 5 6 7 8 9 10 11 
2 3 4 5 6 7 8 9 10 11 
3 4 5 6 7 8 9 10 11 12 
98 23 43 53 23 43 53 10 4 90 
1 1 1 2 3 4 5 9 10 11 

1 7
1 2 3 0 0 0 0

4 7
3 2 1 1 2 3 4
0 0 0 5 6 7 9
9 3 2 2 35 8 9
-1 -1 -1 -20 2 5 6

5 2
3 7
8 10
5 2
9 11
21 18

5 1
1
3
2
5
4

10 10
1 2 3 4 5 6 7 8 9 10
4 5 2 3 3 5 6 7 9 10
20 30 2 1 3 4 5 6 9 10
1 2 3 4 5 6 7 8 9 10
5 2 3 4 5 6 9 10 22 30
2 3 4 5 6 7 8 9 10 11
2 3 4 5 6 7 8 9 10 11
3 4 5 6 7 8 9 10 11 12
98 23 43 53 23 43 53 10 4 90
1 1 1 2 3 4 5 9 10 11

17 4
859 397 577 913
757 501 912 171
836 991 761 899
647 446 709 426
295 211 586 775
750 619 733 153
192 999 205 89
264 552 958 328
309 705 412 596
94 569 98 520
529 849 162 453
299 3 766 227
748 539 511 820
778 562 725 523
497 200 103 880
903 737 701 423
813 788 691 857